Recv: Bed Topography Report:
Recv: 
Recv:     ( 10,179)                                                      (198,179)
Recv:         0       1       2       3       4       5       6       7       8
Recv:  8 | +0.07  +0.05  +0.06  +0.02  +0.01  +0.07  -0.01  +0.02  +0.06
Recv:    |
Recv:  7 | +0.12  +0.10  +0.10  +0.04  +0.00  +0.06  -0.03  -0.03  -0.01
Recv:    |
Recv:  6 | +0.06  +0.05  +0.06   0.00  -0.02  +0.03  -0.04  -0.02  -0.00
Recv:    |
Recv:  5 | +0.01  +0.01  +0.04  -0.02  -0.03  +0.03  -0.04  -0.02  +0.02
Recv:    |
Recv:  4 | +0.07  +0.06  +0.08   0.00  -0.01  +0.03  -0.04  -0.04  -0.03
Recv:    |
Recv:  3 | +0.06  +0.05  +0.05  -0.01  -0.02  +0.03  -0.05  -0.04  -0.01
Recv:    |
Recv:  2 | -0.00  +0.00  +0.03  -0.03  -0.03  +0.04  -0.02  +0.01  +0.04
Recv:    |
Recv:  1 | +0.06  +0.06  +0.09  +0.02  +0.02  +0.07  +0.00  +0.04  +0.06
Recv:    |
Recv:  0 |[+0.09] +0.08  +0.09  +0.05  +0.04  +0.08  +0.02  +0.07  +0.10
Recv:         0       1       2       3       4       5       6       7       8
Recv:     ( 10, 10)                                                      (198, 10)
Recv: 
Recv: Mesh is valid
